20
2345678948793574869274658386563849584758463748746376487846937465872643635745759876543257935725686496428653749649573758
2233445566778899778899559977883377446622995588773377556622554466448855996688337744665599667733664488669944775588663377
222333444555666777888999222333444555666777333666999333888444666555999555777333555777444333888555777666333555444333444
66669999666699996666999966669999666699996666999966669999666699996666999966669999666699996666999966669999666699996666
692746583384465666658475846663748746376487784693733346587264363573345759876543257554466889999787769357772568666496
222222223333333335555555555558888883333333337777774444444466666666644444444444444449999999999999999999999999999999888
223384756473848654956876534587768846875558678499567774644487584875462673467284953434987624564865765445634534664545637
019282873650118237879235012938283723401283718750238723847923401823256747774385701123878282877773612839701287263837846
283979238472350234981000012387283587934571200232342897632500001237682635348765023476827634000000000234768276430072636
276876502000023498923476230003249298749873200002358979283479720000258982389792000002349827384000234878620002002000000
000000000002768765020000234989234762300032492987498732000023589792834797200002589823897920000023498273840002348786233
213141516171819181716151916151816191416151718121415121314151617181918171615191615181619141615171812141515171812141512
1311311611711891121111311411511611111481179115161171181191123131141171191151111113111611211888116611514113113117111
209357*77777239029348092222****202389237562302348*71177740200230000324***89274302002349700023487*******719**999999999
238764222221122 222222266666606666666 666677777777 77777777766777777777 777 7 7 733333333339 99 9 9 944 45555 55588555
90394875 555 55555555 55555555511155555555888888888****888888888888888 8881*1*****1**88*********11111111*******111111
####################23908723999 902893758273587###############99999999999999993883847286999999198743576120234**447642
293847298375692834798782734######################################09823408923576823676283476872638760246023487627346##
0000000000000000##00000000000999999999777999969999979998999999999888888888#8888888188**1**8888*77171788849373##99#888
92834709866 68324787 77777348798230234872000324987324611112643876***666666634768234##884930450897#1111121534534600324